1	0
13	3
25	0
50	2
63	1
72	1
80	0
1591	3
96	1
114	5
1593	3
121	0
212	2
227	3
228	2
1594	3
239	2
1853	4
248	0
1880	0
249	0
257	3
260	3
275	2
278	3
293	4
669	2
302	0
337	3
356	4
346	4
360	4
375	4
397	0
407	3
422	0
71	1
431	3
2305	0
444	0
446	0
458	0
1850	0
2884	0
480	0
484	0
2885	0
515	0
336	3
2886	0
2682	3
525	3
2236	0
534	5
338	3
139	2
547	4
549	2
552	3
247	0
557	2
569	5
571	3
73	1
79	0
589	3
1366	3
590	3
1240	2
292	3
605	0
609	0
2425	0
3022	2
3237	4
1882	0
2426	0
612	4
619	4
630	3
1050	2
2887	0
1595	3
1068	4
656	0
659	3
670	2
685	1
688	3
701	0
1824	4
584	5
421	0
1756	3
1105	3
2089	3
737	4
74	1
1596	3
0	0
744	3
2026	0
754	4
631	3
759	0
339	3
340	3
1029	3
772	2
1345	0
781	0
2	0
3075	2
786	1
1360	0
794	0
1661	0
259	3
809	0
818	2
824	0
1014	3
826	4
843	1
2845	0
856	1
277	3
2300	2
758	5
812	4
760	0
2075	0
455	0
761	1
1319	5
2306	0
1364	0
1847	0
1883	0
762	1
871	0
1676	0
2500	5
874	0
238	0
445	0
1597	3
447	0
886	2
887	2
1598	3
588	3
12	3
689	3
1599	3
1600	3
550	3
113	0
1106	4
894	0
533	5
2735	4
1155	0
898	2
2941	0
2362	0
902	3
2209	2
1174	5
904	0
1909	0
912	4
914	1
1663	0
924	4
591	3
448	0
928	3
931	4
406	3
2888	0
432	3
933	4
938	3
934	0
2889	0
2890	0
1967	0
1631	3
608	0
1657	4
955	0
2678	0
1030	3
2656	5
1584	0
2317	0
1677	0
2189	0
1601	3
963	1
115	0
965	0
970	0
2407	3
1913	3
974	5
1884	0
976	0
585	5
2376	0
1602	3
514	3
2346	0
2415	4
1158	3
984	1
985	4
1603	3
2250	3
1604	3
3095	3
2511	3
2483	3
2332	5
2270	0
2657	3
927	3
2263	0
995	0
1605	3
929	3
1170	3
1484	3
319	3
930	3
3225	0
2210	2
586	0
1575	0
1664	0
2847	0
998	4
1485	3
1000	0
1396	0
2792	0
1606	3
1580	5
226	0
1246	3
1156	0
1486	3
1607	3
964	0
1758	3
2064	3
3150	0
1487	3
116	0
1953	3
671	4
1013	1
1024	0
1028	3
1034	4
753	3
1049	4
1051	1
1056	1
1058	0
672	4
1063	1
1067	4
1070	3
1072	3
3155	0
632	4
1080	5
1086	1
1095	0
1097	0
1102	1
1104	4
1059	4
1130	4
1139	0
1142	1
1153	1
1154	1
1157	3
1171	3
1175	5
1179	1
1186	3
1191	3
362	4
1214	1
1225	3
1232	5
1239	2
553	3
261	3
1252	3
1276	4
903	0
2891	0
1283	2
274	5
434	3
1015	2
1303	0
1304	0
1305	0
1302	0
1309	0
1159	3
1314	3
1320	0
1336	0
2861	3
2442	3
1346	0
1085	2
1356	2
885	2
1690	2
1358	1
1359	1
1365	1
1367	2
1370	3
1371	0
1586	0
262	3
1160	3
1380	0
1384	4
1388	0
1915	0
1196	0
1415	3
1419	5
1016	0
2925	0
1829	0
975	0
1449	0
1460	3
1087	0
1454	0
1470	2
1471	2
1472	2
524	3
526	3
294	3
1081	5
1477	5
1481	0
1480	0
1482	2
1608	3
1483	3
1488	3
408	3
1855	0
1856	0
1506	0
1511	5
1514	2
1524	3
1526	0
1528	3
1532	2
2422	2
844	2
1534	2
2433	0
1989	4
3	5
785	3
773	2
915	2
1573	0
1574	0
120	0
1581	0
1585	0
1592	3
1609	3
279	3
301	0
1910	0
1634	1
1176	5
1177	5
1638	5
3156	0
1646	0
1648	0
1645	0
1649	0
1006	0
1647	0
280	3
1652	4
1656	3
1658	0
1662	0
449	0
2848	0
1673	5
1610	3
4	5
1675	0
1680	0
457	0
1681	3
1682	3
644	2
940	3
1688	2
1017	0
1018	0
1019	0
2684	3
1696	3
1698	4
1702	4
1704	1
1062	5
1064	5
1576	0
2892	0
2893	0
1724	3
527	3
1725	3
1729	3
1730	2
1742	3
556	2
435	3
1108	3
3054	4
1757	3
1764	0
1771	2
1611	2
1772	3
935	4
875	0
1780	0
263	3
1612	3
1797	4
1796	4
1798	3
633	3
673	2
1161	3
1073	3
2004	0
1806	5
1805	5
1587	0
1224	3
264	3
528	3
1808	3
1812	0
2695	3
1825	4
1187	3
1828	3
1830	3
1833	0
923	4
450	0
529	3
1162	3
1489	3
2894	0
1849	3
1848	0
1851	0
1854	0
1857	0
1872	4
2284	5
1878	0
1879	0
905	0
1881	0
1889	0
1890	0
1895	4
973	0
423	0
1031	3
1032	3
1899	3
1209	0
1907	4
1720	0
1613	3
211	3
1914	0
1809	3
2452	0
1347	2
1348	2
5	0
1463	0
530	3
1490	3
1925	2
2453	0
1929	0
1931	3
1932	3
1491	3
1957	2
1492	3
2895	0
2896	0
2897	0
1964	0
1968	0
1969	0
1970	4
618	4
1188	3
2077	0
1990	4
2001	3
941	3
2019	1
1008	3
2027	0
2911	5
2032	1
1129	2
700	0
827	3
702	0
2091	3
1493	3
2035	3
2051	2
2055	4
2059	3
1074	3
1810	2
1614	3
2069	3
117	5
1773	3
1048	4
1908	4
2501	5
2076	0
2914	5
1020	3
1033	4
2080	0
587	0
1665	0
2090	3
2033	3
410	3
1461	3
1462	3
1615	3
2099	1
2211	2
1582	0
1075	3
1076	3
2113	5
2114	0
780	0
6	0
558	3
2128	0
62	2
2139	0
1163	3
59	1
321	3
2155	0
2157	0
2156	0
2169	0
531	3
2175	3
265	3
2177	0
1700	4
1189	3
75	0
2185	0
936	0
1561	0
954	0
1616	3
66	3
2225	5
2235	0
2237	0
2238	0
816	1
2239	1
1930	3
855	4
2249	0
660	3
2260	0
451	0
1308	0
2261	0
2262	0
452	0
554	2
2266	1
1447	5
2269	2
1450	0
1096	0
479	0
341	3
49	3
2285	5
1588	3
2299	2
2301	2
901	3
1164	3
2302	0
3230	0
2304	0
2312	1
1734	2
367	3
2318	0
2320	3
1577	0
969	0
1178	0
2329	1
2333	5
2345	0
295	3
2363	0
2364	5
1617	3
2375	0
2377	0
1361	0
2387	5
2388	0
2392	4
376	3
2401	0
1885	0
266	3
828	3
2408	3
795	0
2414	4
1009	3
2381	0
1140	0
1583	0
2429	2
2430	0
2034	2
258	3
2436	5
81	0
296	3
1562	3
281	3
377	3
378	3
2449	3
2450	4
7	0
8	0
1141	0
2458	4
943	3
2463	5
2482	1
379	3
1618	3
2485	3
1619	3
1494	3
1620	2
3021	0
276	5
2503	5
1495	3
2510	3
1165	3
2514	2
640	2
1621	3
2533	2
1563	4
944	3
1985	5
2556	5
2558	3
2559	0
2303	0
2680	0
1911	0
999	0
742	1
983	1
757	3
2382	0
1622	3
2397	3
2586	0
2585	0
2587	0
14	4
483	0
2600	0
1069	0
2604	0
2605	0
2606	3
2607	1
355	4
2608	0
2614	3
655	2
1623	3
1496	3
1166	3
1726	3
2245	3
2640	3
604	0
485	0
2502	0
1831	0
891	4
1727	3
2668	2
2677	0
2676	0
2679	0
2681	0
2898	0
1136	2
2683	3
1213	0
2692	2
2693	5
2694	0
1021	3
674	4
2079	4
1190	3
1624	3
1625	3
869	2
2078	0
2716	2
214	3
516	0
163	3
1811	2
2734	2
2736	4
9	2
10	2
2899	0
2809	0
2738	0
2753	0
1651	1
1858	0
2028	3
2762	0
357	4
2783	0
2784	5
1022	0
675	3
2787	4
1626	3
1759	3
2789	4
570	4
2788	3
1247	3
1871	3
2793	0
2307	0
2127	0
2794	0
808	5
2658	0
1627	3
611	4
2308	0
1025	0
2810	0
1779	0
358	5
2831	3
118	5
1362	0
2846	0
2265	4
2855	0
2685	3
2900	1
1060	3
164	3
411	3
2061	2
2389	4
2869	4
1859	4
1860	0
2383	0
2384	0
2870	0
2871	1
2423	3
1023	0
1249	3
2486	3
1912	0
3165	3
45	2
2880	0
2883	0
2881	0
2906	0
2882	0
2910	5
2385	5
2814	5
893	0
2920	0
2924	1
2926	5
2390	5
359	4
2347	0
980	0
2935	4
2942	0
2943	0
2944	0
823	0
2432	2
95	0
1420	0
2286	5
1728	3
2971	0
718	3
2659	0
2380	0
2984	3
2378	0
2986	2
1678	0
1628	2
842	4
369	3
2715	3
2811	4
3226	0
2868	4
1061	4
297	3
3015	1
3014	1
3016	4
3020	0
2309	0
3023	2
1513	4
1109	2
3029	4
2319	0
267	3
3035	0
1077	3
1078	3
3041	3
2484	3
1036	3
1629	3
882	0
2386	5
3055	4
1497	3
1248	3
3056	1
736	4
1632	3
1716	5
3070	1
1088	2
1498	3
3089	0
2251	3
1760	3
3094	3
2310	0
3017	4
3096	0
1168	5
1169	5
3099	0
1630	3
3104	0
743	0
3122	0
3125	0
3126	3
1886	0
1589	0
3133	0
3143	0
610	0
3144	1
3145	0
3146	0
3149	0
568	5
122	0
2328	3
282	2
1363	1
76	1
1852	0
1832	0
283	3
3161	3
11	0
1861	0
1071	3
2322	0
3166	3
3231	0
3174	2
3176	5
24	0
3187	4
1862	0
2100	0
2901	1
1761	3
3203	5
3204	5
119	0
545	2
3206	2
1590	0
752	3
1666	0
246	3
3217	3
1801	2
1887	0
2271	0
3228	0
1451	0
2902	0
2903	0
2905	1
2379	0
342	3
2272	0
3236	0
3227	0
3238	4
2985	3
2804	4
2311	0
2273	0
2904	0
738	4
2248	3
946	3
947	3
3251	2
870	0
1679	0
3252	3
3253	3
676	3
1192	3
3262	3
1001	0
443	0
19	4
27	3
30	2
35	4
39	2
48	2
57	1
61	4
67	4
1635	0
78	2
83	3
85	2
89	0
1291	1
2918	4
2769	4
203	2
99	2
105	1
107	5
112	0
124	4
18	4
130	2
132	3
134	2
147	2
155	4
157	2
160	2
133	2
169	2
178	1
180	5
189	2
196	2
204	2
209	4
216	5
2467	4
3193	4
221	2
223	4
232	2
237	4
243	2
34	4
253	2
285	3
1123	3
287	4
291	5
304	0
310	4
313	2
318	2
3196	0
333	2
335	4
3239	4
354	3
1143	1
353	3
156	2
372	0
158	2
381	0
390	4
394	2
2274	4
402	2
417	0
2287	4
419	2
1916	0
420	2
967	2
424	2
2946	4
429	0
303	4
441	5
2664	4
454	5
2717	5
456	2
2398	4
98	2
465	2
475	2
482	0
1439	1
1963	2
494	2
146	2
502	5
100	2
1867	4
2834	4
2913	1
518	5
520	3
1180	3
532	2
665	2
464	4
538	2
540	1
560	5
1991	2
252	4
1442	5
575	2
2646	0
195	2
577	5
578	4
2575	4
581	3
493	2
3057	2
593	1
595	2
597	2
599	4
168	2
616	4
1443	4
393	2
2293	2
613	4
1296	3
617	4
1211	2
628	4
637	2
1936	5
641	2
650	5
658	2
662	4
666	1
668	3
2950	4
1560	4
682	5
695	2
698	1
231	2
1150	4
1654	2
2489	4
710	3
2785	4
1735	3
208	4
371	3
3254	2
309	4
1697	4
723	2
148	2
727	4
77	2
1124	3
740	5
1273	4
741	2
2040	1
1785	5
746	5
1459	3
764	5
766	5
519	4
1999	5
389	4
373	2
865	3
2295	2
778	1
2126	4
391	4
401	2
784	3
564	5
830	3
500	2
3080	5
792	5
345	3
803	4
2617	0
804	2
1052	3
802	4
317	3
539	2
3197	0
154	3
667	1
681	5
1789	5
1286	0
2420	5
1444	5
825	3
829	1
2754	5
835	3
838	5
2016	5
1284	2
857	3
380	4
1432	2
286	3
866	3
1298	3
1208	5
1717	0
1299	3
1434	5
38	2
2083	1
3033	3
347	3
1288	0
872	3
873	2
877	5
104	3
382	4
2672	2
884	3
101	2
939	3
574	2
314	2
2917	5
215	2
210	4
1748	2
541	2
694	3
2227	5
2569	5
2179	1
896	2
642	2
1981	5
56	3
2704	5
1784	5
430	3
900	2
2331	4
2571	5
2669	4
1182	3
906	3
177	4
2008	2
2820	5
917	4
920	4
921	3
1905	5
690	3
348	3
3043	3
897	3
1332	5
188	2
696	0
2443	4
2039	2
1041	3
957	5
959	5
962	5
643	2
2626	2
2728	4
966	1
1464	5
3157	5
2759	5
649	5
190	2
1715	5
1517	4
3105	3
1317	5
981	2
2821	5
135	2
988	4
2972	2
990	4
1228	3
992	4
2014	4
1256	4
440	5
2042	4
1721	4
2071	2
1844	2
858	3
1723	4
2135	5
2137	5
1792	3
2953	4
3106	0
661	4
883	3
1706	3
1002	5
3103	5
2207	3
1707	3
1933	3
1512	5
1003	5
495	3
2627	5
2995	5
663	4
1005	0
956	5
3092	3
1552	5
1012	2
1039	1
1042	3
2959	4
1044	3
1053	2
1038	1
1065	4
1110	1
1090	1
361	4
1193	1
1091	4
728	4
1401	5
2093	2
1098	4
1257	4
36	4
1101	4
1258	4
1111	1
697	4
1259	4
1117	2
1120	4
1121	2
1122	3
2043	4
1135	4
1403	5
37	4
1144	1
1148	4
1151	3
1172	5
1181	3
1195	1
729	4
1194	1
831	3
1206	0
1212	2
403	2
1218	2
1219	2
2742	2
1776	2
517	3
1229	2
1231	3
2936	4
2938	4
2939	1
1241	2
3013	2
636	2
149	2
1254	2
1255	4
1274	4
1275	4
1278	4
1125	3
1285	2
1004	1
1287	0
1112	1
1113	1
1297	2
29	2
1318	5
1321	3
1323	0
1327	5
592	5
1333	5
1342	3
501	2
1344	2
31	2
1352	4
1351	4
2661	3
1300	1
798	5
3233	5
1375	5
1373	5
1372	5
1378	0
1379	4
40	2
41	2
466	4
197	2
1391	1
1395	2
1253	2
1402	5
1404	5
1405	5
1054	2
1408	2
1411	4
1997	5
179	5
907	3
1427	5
1433	5
1435	5
1438	4
1440	1
1441	3
683	5
1145	1
1458	5
1445	3
1465	5
1469	2
1478	3
1479	2
566	5
1503	5
2456	3
1516	2
1518	2
1521	3
1523	2
1114	1
1531	0
1538	2
1541	2
418	2
1544	2
2115	5
1551	4
1553	5
131	2
2365	4
106	5
108	5
363	1
453	5
129	2
1559	4
991	4
596	2
2297	4
1636	0
861	2
1655	2
1653	2
1660	5
1659	5
1669	5
1146	1
876	5
645	2
1687	2
646	2
1689	2
1693	4
716	3
1699	4
1103	4
867	1
320	3
1703	4
1705	3
582	5
1714	5
1718	0
191	3
1722	4
1736	4
60	4
1740	2
1741	3
88	0
1749	2
1753	2
1767	5
1732	2
192	2
1770	2
1390	1
1392	1
150	2
1777	2
1778	2
1055	2
834	5
1786	5
1334	5
1791	3
717	2
32	2
1794	2
1793	2
777	4
58	5
1436	5
638	2
2665	5
1820	3
1819	5
1821	2
1822	2
1827	4
1826	4
2147	1
1838	1
2366	4
1845	2
1869	4
1868	1
1870	4
1197	0
2872	0
1888	3
1519	4
1520	2
684	5
2813	5
1898	2
1906	4
2702	5
2454	0
1917	1
1918	5
460	2
1922	5
1738	4
1217	5
392	4
1260	4
1515	4
1934	3
409	3
576	3
1935	5
1457	5
1149	4
1942	3
1941	3
1943	4
1945	4
1944	4
1947	3
1946	3
1948	2
374	2
1958	2
1406	2
2705	5
542	2
1147	2
543	2
2743	2
425	2
467	5
987	4
1978	2
1982	5
198	2
1995	2
1996	2
2696	2
2220	5
1998	5
2000	4
2005	2
2007	0
2009	2
2563	2
1800	4
2015	4
2017	5
2290	4
1341	3
664	4
2031	2
2036	4
2037	2
1535	2
2038	2
2344	3
151	2
2041	4
2044	1
1691	2
2053	4
2348	4
2060	3
2948	4
2066	3
109	5
2070	2
1823	2
765	5
1183	3
349	3
383	4
2082	0
2084	4
2469	1
2086	5
2590	5
2087	4
1261	4
647	2
2092	3
1542	2
2097	3
2689	4
2104	3
127	4
128	4
2108	3
908	3
2572	5
2112	5
2111	5
1215	2
474	2
559	5
2116	0
442	5
2124	3
256	3
136	2
2125	4
2134	4
152	2
2136	5
2138	2
1949	2
2148	4
639	2
1216	2
2153	4
2158	2
2162	4
2176	1
2180	2
2187	1
2188	2
2200	4
2199	4
2864	5
2208	3
1692	4
1357	2
2219	5
2218	5
181	5
182	5
2226	5
220	2
2241	5
2244	5
1701	4
837	5
839	5
840	5
909	3
1262	4
2275	4
2276	4
322	3
2065	5
2278	2
890	4
2280	0
461	2
436	3
968	2
1126	4
1100	4
2288	4
2289	1
2294	2
1263	4
1264	4
1265	4
2960	4
2088	4
1266	4
1267	4
1565	4
2822	5
366	3
213	3
384	4
2323	4
334	4
1277	4
1637	1
594	2
807	3
2334	5
895	2
2335	2
2341	3
2343	3
2349	1
2353	5
2355	2
1198	1
1199	0
123	4
2370	5
942	3
2374	2
1795	2
2391	5
1328	5
2313	3
2399	4
2400	4
153	2
1325	0
2418	0
2018	5
1994	2
2451	5
2428	2
199	2
2480	5
2441	3
2444	4
1446	3
2455	0
2457	3
2354	5
2356	5
2459	2
2468	4
350	3
2470	4
2615	2
2475	1
2479	5
2481	5
2478	5
2490	4
2495	3
2499	4
2509	2
2517	3
3234	1
602	2
1134	2
2521	4
1418	2
2523	5
2522	3
836	3
2537	2
2052	4
290	5
2552	2
508	2
1751	2
2161	4
2562	4
2564	2
544	2
2568	5
2570	5
859	3
1268	4
385	4
546	4
2907	5
1737	4
2578	5
170	2
1959	3
2152	2
2583	5
2589	3
2588	2
2601	5
2352	5
745	5
747	5
2602	5
2603	5
468	4
793	5
1973	0
2611	0
2181	0
1335	5
3060	5
2616	2
2618	0
2619	0
1437	3
2622	2
2625	3
2634	5
958	5
2835	4
2644	3
2647	1
1389	1
2648	1
2654	2
2660	5
2662	1
2663	3
469	2
2670	4
2671	2
1842	2
2081	0
2687	4
2688	5
739	5
110	5
2686	4
627	1
84	2
2700	4
2701	5
2703	5
2708	0
2711	2
1007	0
2713	2
2072	3
2714	3
580	2
2718	5
2277	0
2719	0
1173	5
2721	5
193	3
2727	1
171	2
2731	2
2315	3
2741	2
732	3
2745	3
1686	3
2755	5
2760	5
194	2
2763	0
1119	4
2770	4
2781	5
82	3
2786	2
1530	2
2795	2
2373	2
404	2
2806	1
2807	2
2812	5
2823	5
2819	5
2832	4
2833	4
932	3
2836	5
1269	4
2837	2
2844	5
2849	5
2856	2
2857	2
2865	5
961	2
386	4
1685	2
1329	0
913	4
2873	0
2874	0
15	3
2875	3
405	2
2876	5
1270	4
2879	4
284	2
183	5
763	5
1099	4
2367	4
2908	3
2342	3
395	2
2057	3
629	1
960	5
184	5
185	5
1184	3
2919	4
476	2
2927	2
651	5
222	4
224	4
225	4
598	5
1040	1
2649	4
2932	2
2933	4
579	3
2937	4
2940	4
2947	4
2952	4
2536	5
2951	4
922	3
2045	1
2954	4
1127	3
186	5
551	1
1205	0
1207	0
2431	2
2296	4
97	2
2963	2
2697	2
2970	3
2973	2
351	3
2163	1
2164	1
2978	5
2982	4
2983	4
2981	4
691	3
692	3
2987	5
3062	5
187	5
2988	5
2989	5
1448	5
2990	5
2994	4
1374	5
428	5
2998	2
2997	2
1543	0
2046	1
125	4
126	4
3005	3
3004	3
2246	3
3011	4
919	4
3012	2
2858	2
2824	5
33	3
3026	5
437	4
3030	4
20	1
21	1
3032	4
28	3
2764	5
2765	5
3034	2
1128	3
159	2
982	2
3036	0
3037	5
3040	4
1739	2
3044	3
892	4
537	3
1468	2
3058	2
3059	2
2567	5
3061	5
3063	5
2744	2
3066	5
3071	2
3072	5
3073	5
3074	5
2214	2
521	2
522	2
3081	5
1089	4
3171	5
3091	5
68	3
1522	3
711	3
2279	3
3093	3
1271	4
3124	5
1426	5
693	3
1950	2
2843	5
3097	4
3098	4
1926	0
1152	2
3102	5
1037	4
370	4
699	1
3110	4
3112	3
3113	0
3111	0
3114	4
3115	0
3031	3
3116	3
2421	5
42	2
2825	1
2826	5
719	4
868	3
3123	5
841	5
3130	2
2712	2
3129	2
481	4
523	3
3136	2
720	2
3147	2
2508	2
2991	5
2992	5
3148	5
779	5
561	5
2827	5
323	2
989	4
111	0
648	3
1343	2
899	3
217	5
3263	5
2419	5
1043	5
774	2
3172	5
3173	5
3183	3
3185	1
3186	4
3188	4
470	4
471	4
1650	0
1272	4
3195	2
2006	0
47	2
172	2
1118	2
3194	4
3210	1
2805	1
3211	1
3214	5
3216	3
3198	0
2828	5
352	3
2316	3
799	5
2553	3
3235	2
2591	3
1977	2
3240	4
1301	3
416	0
2829	4
2949	4
2058	3
3215	3
3247	2
3248	2
173	2
1755	2
2673	2
603	2
3258	2
472	4
473	4
3261	4
730	4
731	4
2830	5
2154	4
17	4
1499	1
23	0
2512	2
26	3
1222	1
44	4
52	2
55	0
65	1
70	0
87	3
91	3
94	5
1115	1
103	4
343	2
1765	4
138	4
140	1
143	1
572	1
145	4
22	0
162	4
167	2
512	4
175	2
201	2
206	4
3082	0
137	4
219	4
230	4
234	2
241	2
245	3
1200	4
2725	2
251	2
255	2
269	0
271	2
289	2
510	2
299	3
306	4
308	0
2267	4
312	2
316	0
770	4
325	0
329	1
2746	2
332	2
344	2
3189	4
2650	3
2877	0
3049	3
388	4
396	3
399	5
240	2
413	2
427	3
3045	4
439	2
2145	1
463	4
2544	2
478	2
622	2
1242	5
1385	5
487	2
489	2
491	2
497	3
1322	5
503	2
505	5
507	2
511	2
513	4
2063	3
2094	4
2201	4
848	4
2748	2
1545	2
2101	1
536	4
218	4
555	2
563	4
565	2
2020	5
1315	2
573	1
583	0
2964	2
624	1
601	0
2228	2
3085	5
607	0
2140	4
2737	0
2221	2
1079	5
1790	3
3052	3
2230	2
615	5
3159	4
621	3
623	2
2405	3
2447	4
625	1
90	4
2674	2
635	2
51	2
2223	2
2504	4
1330	2
412	2
606	4
653	0
2979	4
678	2
2073	4
680	3
687	1
3232	1
704	2
706	4
1667	5
709	4
2231	2
398	4
713	2
229	4
715	4
722	3
3207	3
2628	1
724	2
726	2
2999	0
734	2
2909	5
1965	5
749	5
751	2
756	3
307	0
1292	3
3024	2
768	2
771	1
3109	5
776	5
783	0
1974	2
788	2
791	0
797	2
801	1
805	0
2531	3
53	2
806	0
2252	5
1409	3
811	0
813	3
817	4
2471	3
820	3
822	1
3048	4
1235	4
833	5
2242	4
845	2
1834	3
847	4
849	4
854	5
1137	2
863	4
3218	0
1643	4
2555	5
1802	5
2192	0
2336	3
1813	3
2122	0
2024	5
2526	4
414	2
268	0
2109	4
3078	5
879	4
881	1
1804	5
878	4
305	5
2581	3
755	3
705	3
1381	5
3008	3
889	4
1383	5
679	3
1452	2
1980	3
1815	2
3191	1
1987	5
504	5
2928	5
3163	5
2709	2
911	4
2573	2
819	5
2491	4
846	4
2371	0
918	2
233	2
2395	5
952	5
926	5
496	3
2859	5
2976	0
1281	4
2118	5
3087	4
949	0
3137	0
916	4
951	0
1787	5
953	5
1846	0
498	3
3139	0
3001	0
1876	0
1289	3
1731	2
972	1
2790	0
3199	3
2437	2
2592	5
2439	3
2596	0
978	0
767	2
686	4
2215	5
2974	4
161	3
2131	5
994	1
1527	3
433	3
950	0
1672	3
997	4
3067	4
1337	0
996	4
2493	1
2194	5
1310	3
235	2
1927	5
490	2
2690	4
1377	2
796	1
3128	3
1670	4
1107	3
415	2
2434	0
2923	2
1011	2
1027	0
102	4
1045	2
1047	2
1057	2
2496	4
1093	3
1094	4
3242	4
2498	4
1840	1
1116	1
725	2
1132	1
1138	3
2546	2
142	1
1836	2
626	4
1185	3
1201	4
1202	3
2749	2
1221	2
1223	4
270	3
1227	3
1234	5
2862	1
1236	1
1238	5
1243	5
1245	2
1251	3
1280	2
1282	2
2167	1
1290	3
1971	3
2638	4
1293	3
1294	2
1295	2
1307	0
1901	0
1306	0
1311	2
1313	2
1316	2
1331	2
54	1
324	0
1339	3
1338	3
2630	0
2631	0
1350	1
1353	1
1355	2
782	3
2594	5
1369	5
1376	2
1382	5
1386	0
2866	5
814	2
1250	2
1393	3
1397	5
1400	4
703	2
1407	1
971	1
1410	3
800	1
1412	2
288	2
1414	1
1417	5
1421	3
1422	3
1424	2
1425	5
1429	3
1431	0
2445	5
1683	3
1046	2
1453	2
1455	2
1399	4
1467	2
1010	2
1475	2
1473	2
1474	2
2003	3
1500	2
1502	1
1505	5
1507	4
712	2
1510	2
750	2
315	3
1525	2
1226	4
1537	4
1540	2
1547	2
1546	2
1550	4
708	0
1555	0
1554	4
1556	0
1312	2
2049	5
1558	2
1557	2
1564	1
1567	0
1569	0
600	0
1566	0
1570	0
1568	0
1571	2
1572	2
1579	1
1633	4
769	2
1640	2
1639	2
1642	5
1644	4
910	4
1668	5
1671	4
205	2
1684	3
92	3
1694	1
1695	1
2771	1
707	3
1708	4
1709	4
1710	1
1539	2
1712	4
1713	4
1711	4
1719	0
1865	4
1203	2
1744	2
1745	1
1747	2
1919	1
1754	2
1763	4
1766	4
1768	2
1769	2
2518	2
1743	2
1466	0
1775	3
1774	5
272	2
69	0
1902	4
1782	3
1781	4
1783	3
1788	5
1476	2
2955	2
200	4
2105	3
43	3
1803	5
1893	2
862	4
864	4
1807	0
3244	4
1814	3
1817	2
1816	2
1818	2
1762	4
387	4
2465	4
1835	3
1837	3
1839	4
1841	2
1501	1
328	0
1324	0
1864	2
3205	2
1866	4
3220	0
1873	2
1875	0
1877	3
1983	5
1892	4
1894	2
1897	2
1900	4
2815	2
1920	1
1924	2
1928	5
1938	0
1937	0
1939	5
1940	5
1951	3
1952	0
1954	2
1955	1
1956	2
1960	2
1962	0
2054	4
1416	2
2610	5
1966	1
1972	3
1975	2
2182	0
2732	5
1979	2
492	2
1750	3
1984	5
1986	3
1988	5
1992	2
3249	4
499	3
2002	3
438	3
2011	5
2010	5
2013	2
2021	5
2298	4
2023	5
2025	5
2030	5
2029	5
925	5
1413	1
2048	2
2050	2
2547	2
1896	4
2062	4
614	3
2068	4
1733	2
1549	1
948	3
2074	4
2957	4
1456	0
3201	0
3134	2
459	3
364	3
2096	5
2095	5
2102	4
2106	3
298	3
300	3
2110	4
2085	3
2117	5
2121	5
2123	0
2129	4
2130	4
2534	2
2132	0
2056	3
860	4
787	3
2141	4
2142	3
2144	5
2146	1
2150	5
1387	4
2159	5
2160	5
2166	4
2168	4
2171	1
2174	1
2170	1
2178	0
1548	3
2184	3
2186	1
365	3
1903	0
2191	3
2190	3
2193	0
2195	3
2197	2
2196	2
2198	5
2202	2
2476	0
2203	5
2205	5
1891	1
2780	5
2206	5
2213	5
2216	5
2222	2
2224	2
2229	2
2234	3
2560	5
2243	4
2253	5
2255	5
2254	5
810	0
2257	0
2259	4
2258	4
2264	1
2268	4
244	3
1237	5
2282	4
2281	4
2283	4
977	0
979	0
2292	2
2291	2
1092	3
207	1
1066	1
2133	5
2314	3
1578	5
775	5
1131	2
2325	5
2326	5
1874	5
2321	3
2330	4
2487	4
1674	3
2515	0
2107	5
486	3
2337	3
1921	5
2339	3
2351	4
2538	3
2357	2
2358	2
3246	1
1993	3
2369	3
2256	5
2372	0
2394	5
2396	5
2393	5
2022	5
2403	3
2404	2
2406	3
1354	3
2409	1
2411	5
2413	0
2412	5
2416	4
174	2
176	2
2417	2
2424	3
16	3
462	4
634	2
2435	0
789	3
993	0
2723	0
2438	2
166	2
2440	2
1961	2
2350	3
2528	4
2446	5
2448	4
2402	3
2460	4
2462	0
2461	4
2464	4
2466	4
2473	3
2474	4
2477	1
2488	1
2492	1
2497	4
2324	5
2217	5
2505	4
2513	2
2516	0
2519	2
2520	2
1923	2
2525	4
2527	4
2529	4
2530	2
1340	3
2532	3
2535	2
2539	3
2540	2
657	2
2541	4
506	2
2548	2
2542	4
2549	2
2545	2
2543	4
2554	2
2550	2
509	2
888	4
2557	5
2561	5
2961	2
853	5
2565	5
2566	3
3100	5
1082	1
1752	2
2574	2
2338	1
2577	2
2580	4
2582	3
2204	5
2584	4
2494	4
2593	5
2595	5
2597	3
2598	0
2427	0
2599	0
2609	0
2612	4
2613	1
331	2
2621	4
1746	1
2623	2
2629	0
2632	1
2635	1
2143	5
3177	3
2637	2
2639	1
1368	5
1083	5
1084	5
2641	4
1230	3
2624	3
2643	5
2642	5
2645	3
790	0
1529	3
1210	3
2651	1
2652	3
1641	2
2653	4
2655	0
488	2
1394	3
620	3
1244	2
144	1
2666	2
2667	2
368	3
562	4
2675	2
2119	5
2691	5
326	0
426	3
2698	3
2699	1
250	2
2729	5
2707	5
567	4
2710	4
2720	5
2722	1
2726	2
2730	5
2359	2
2733	5
2410	0
2739	0
2740	0
2747	2
2750	2
2752	2
2751	2
2756	5
2757	5
2758	0
2761	3
748	5
2766	1
2767	1
2768	1
2047	1
2772	4
2774	1
2773	1
2775	4
2777	2
2776	2
832	5
2778	4
2779	4
2706	5
400	4
2791	0
2524	1
2576	2
2796	3
2798	2
2797	2
2800	5
2799	5
2802	5
2801	5
2803	4
2808	1
2103	4
2816	2
2818	4
2165	4
1533	4
2120	5
2839	5
2838	0
2840	5
2842	4
202	4
2851	5
2850	5
2852	5
2854	4
2853	0
2340	1
2860	5
1326	0
2863	4
1536	4
2867	5
2724	1
2172	1
2173	1
2878	0
273	3
3051	3
937	1
2579	5
2912	5
1398	5
2916	3
2915	3
2782	5
2921	0
2922	4
535	5
2151	4
2183	3
1167	5
2327	5
236	2
1233	5
2929	5
2368	3
2931	2
2930	2
2934	5
64	1
2945	2
2956	2
2958	1
2962	2
1843	2
93	3
2966	0
2968	0
652	0
654	0
2965	0
2969	0
721	3
2975	4
2977	0
46	2
2980	1
330	4
1799	2
2232	2
2233	2
165	3
1430	4
2993	1
2996	4
1508	4
3000	0
3002	0
3003	3
3006	0
3007	2
3009	3
2551	2
3018	3
3019	2
3025	2
3028	5
3027	5
1133	0
880	3
2841	5
3038	2
3039	1
1026	0
3042	5
1509	3
3046	4
3047	4
3050	3
1035	3
1423	2
3053	3
254	2
1976	2
2817	4
3065	1
3064	4
733	2
2360	2
3068	0
327	0
3069	4
2240	4
1220	0
3076	2
3077	3
2098	5
3079	2
3084	4
3083	1
850	4
851	4
3086	2
852	4
1428	3
3088	4
2212	5
3090	4
714	4
3140	0
1279	2
2067	3
3101	5
3108	5
3107	5
3117	2
3119	4
3118	4
1863	2
3120	0
2633	0
3121	1
3127	4
2247	3
3132	2
3131	2
3135	2
3138	0
3142	1
3141	1
2149	5
1904	4
3151	4
3152	4
735	2
3223	3
2472	5
3154	4
3153	4
945	3
3158	4
3160	4
815	3
3162	1
3164	5
242	2
3167	5
3169	2
3168	2
3175	0
3170	2
2012	2
3178	5
3180	1
3179	2
3181	2
3182	0
2506	4
2507	4
3184	2
3190	4
1349	4
3192	1
3200	3
3202	0
2361	2
141	2
3208	3
3209	0
677	3
3213	4
3212	4
821	1
3219	4
3221	2
3222	4
3224	3
3229	0
548	4
3241	2
3243	4
2967	0
1504	0
3245	4
3250	4
311	2
86	3
1204	3
3256	2
986	3
3010	4
3255	2
3257	4
2636	2
3260	4
3259	3
477	2
2620	4
