1228 0
530 1
175 2
1324 2
1805 3
1439 3
522 4
1224 0
1229 0
1269 4
1058 0
1639 5
898 3
1254 6
1230 0
1732 0
183 2
2292 0
425 0
838 0
1207 4
800 2
106 5
1433 3
1348 2
1979 4
423 0
901 3
292 0
677 1
2071 6
1710 0
2150 6
1790 0
226 2
1346 2
1501 0
2333 2
1856 5
1347 2
1349 4
1423 3
82 5
420 0
1004 6
221 2
2133 0
233 6
1435 3
488 6
489 6
1398 3
781 4
1908 5
254 4
74 5
2014 4
195 2
2319 0
593 0
196 2
2449 6
1776 3
1672 2
501 6
2438 5
446 6
2118 3
1329 0
450 6
890 4
811 3
422 0
380 2
818 3
641 6
840 3
2293 0
1505 4
798 4
1737 0
2443 3
938 2
378 0
658 3
189 2
1147 1
231 1
526 4
369 4
2418 0
444 0
200 2
1816 3
1426 3
1817 3
799 6
2092 0
1675 4
1819 3
2231 5
1627 0
1531 0
856 2
412 0
2059 3
1345 1
1055 3
1056 3
1206 4
417 0
1690 0
384 0
437 0
1390 4
1434 3
1001 6
468 3
932 2
780 1
1951 5
2039 0
1097 0
2308 0
431 0
1617 0
2625 3
432 0
862 2
95 5
1210 4
843 3
1452 2
271 0
1629 0
1458 1
872 1
2211 3
2162 3
1683 5
2249 4
12 5
1981 0
2258 0
1874 0
86 5
411 0
1238 6
1017 2
458 6
2358 6
1894 4
1734 0
434 0
825 0
900 3
1075 1
1599 4
1244 1
1161 4
1614 0
1818 3
1678 2
0 5
1653 4
2458 1
1212 6
199 2
167 5
589 0
1787 3
1387 4
777 6
184 2
15 0
442 0
2264 1
778 4
1127 1
270 0
1689 0
846 4
2623 3
456 6
1245 1
2170 3
397 2
2135 0
71 5
2374 5
1065 0
54 5
1060 0
1320 0
1821 0
1146 1
2398 1
1102 2
388 0
885 4
2226 0
1692 0
418 0
382 0
419 0
435 0
906 0
436 0
775 4
1812 5
197 2
1043 3
580 0
1441 2
1606 0
451 6
1144 1
416 0
1126 3
99 5
180 2
1658 6
487 6
769 1
1154 1
1002 6
2695 0
361 4
922 5
404 0
739 0
1557 6
1706 0
2397 0
385 0
405 0
782 6
103 5
1321 0
177 2
1117 5
2248 0
1708 4
2147 5
977 0
1377 6
2415 3
1168 2
2058 3
1140 1
745 3
520 4
831 2
1735 0
1733 0
558 4
1197 6
1296 0
1223 0
492 6
1402 3
472 0
2099 6
835 0
366 4
2232 5
158 6
1286 4
1227 0
2129 0
1578 3
2364 0
2462 0
2335 5
986 2
2236 3
1579 3
212 2
2165 3
2237 3
1070 3
1669 2
2636 0
250 0
502 6
1558 6
1128 1
878 4
460 6
315 6
130 5
2477 0
1820 3
602 0
854 2
943 2
362 4
1760 0
208 2
2525 4
916 6
2131 0
2348 1
685 6
747 0
176 2
211 2
1145 1
1634 4
43 5
430 0
181 0
736 3
1513 6
2079 1
401 0
538 1
2380 4
688 6
1636 4
1638 0
987 2
519 4
675 4
1777 3
1042 3
2169 3
2171 3
391 0
1888 5
402 0
2467 0
1778 3
947 2
2005 4
533 1
379 0
2294 0
1642 0
2006 3
2295 0
2297 0
2009 3
1754 5
528 1
467 3
75 0
654 3
368 1
383 0
1688 0
1694 0
1432 3
443 0
604 0
613 0
2313 0
1174 5
2627 3
626 0
1747 0
2412 5
445 0
2385 0
1929 0
1932 0
1931 0
202 2
298 0
441 0
210 2
1612 3
2334 5
1323 1
172 2
373 4
1469 3
837 0
1120 4
2262 1
120 5
771 4
1257 4
232 0
1712 0
965 2
284 0
2455 0
2093 0
1685 3
33 5
759 0
850 3
1601 0
266 0
132 5
1133 1
392 0
2341 3
741 0
1225 4
1464 3
1 5
325 5
1532 0
1299 0
743 0
1413 0
2155 0
1417 0
974 2
1419 0
187 2
308 0
1031 6
96 5
2212 3
2379 1
1239 4
1843 3
1057 0
2309 4
156 5
1466 3
2684 4
960 2
676 1
714 0
2347 1
1591 3
760 4
1090 4
2349 1
1247 1
795 6
1232 0
1200 4
1705 0
797 4
1063 0
954 2
360 6
1195 3
1714 0
1875 0
1012 6
178 2
2074 0
102 5
376 6
1935 3
173 2
657 3
880 4
1395 6
207 2
345 4
1214 6
386 0
1203 4
2356 2
757 0
1565 0
945 2
1574 3
260 2
203 2
1575 3
2614 3
1616 0
1234 6
940 2
174 2
204 2
1198 0
168 5
912 0
860 2
244 6
1237 6
629 0
2115 4
525 6
205 2
1477 3
1540 3
1556 6
1886 0
886 4
439 0
1438 2
2624 3
971 2
721 5
398 0
1580 3
1335 0
784 4
1789 3
1051 3
1170 2
1337 0
389 2
1342 0
2180 0
829 0
2454 2
1083 4
257 4
2299 1
1067 3
287 3
1414 0
1443 3
563 4
2206 3
2463 0
1490 4
851 4
1062 0
1233 0
371 1
1331 4
164 5
770 0
1729 4
408 0
409 0
2476 0
2296 0
49 5
1457 0
2459 3
1429 3
2178 6
342 4
1422 0
2318 5
1736 5
637 6
258 6
638 6
426 0
1774 6
1226 0
396 0
41 5
774 0
171 2
881 4
554 4
263 2
170 2
2198 0
185 2
1289 4
1265 4
1465 3
1467 3
186 2
1582 4
440 0
950 2
67 2
861 2
261 2
223 2
988 2
1236 2
551 4
579 0
2682 4
414 0
1576 3
1209 4
206 2
599 0
1684 3
2255 6
294 0
479 6
486 6
490 6
499 6
746 3
1129 1
2410 0
728 0
427 2
2635 0
1930 0
875 4
2637 0
1744 6
635 6
2428 0
2526 4
1344 1
1246 1
394 0
381 0
209 2
146 5
1775 6
823 0
600 0
38 5
801 0
265 0
399 0
400 0
272 0
321 6
1713 0
2152 4
1290 4
802 0
2694 0
354 4
2670 3
403 0
191 2
832 0
1798 3
83 4
1640 0
2202 0
1641 0
407 0
319 6
2075 0
1647 0
518 3
220 2
1199 6
1194 4
192 2
2342 3
346 4
1788 3
1202 4
1475 3
1478 3
503 6
179 2
1397 3
2362 3
2444 3
2328 0
1211 6
949 2
772 0
1322 1
182 2
1889 1
421 0
1481 2
1482 2
159 5
2 0
1196 4
816 3
2048 0
2098 0
1693 0
395 0
1494 0
630 0
2409 0
2300 1
2386 6
198 2
1302 4
1822 0
754 0
549 1
2038 0
813 0
2475 0
2072 6
268 0
330 5
228 2
765 6
1730 3
424 0
776 6
1496 0
190 2
150 5
1011 6
201 2
803 4
2327 0
844 0
387 4
438 0
1479 3
742 0
415 2
406 4
349 0
2181 0
428 0
2256 3
1066 0
1270 4
1248 1
1709 0
2298 0
564 4
1542 3
1814 5
655 3
144 5
899 3
285 0
69 5
278 0
433 0
804 0
2372 5
351 4
188 3
390 0
1428 3
606 0
101 5
1354 5
1581 3
1691 0
1136 0
1208 4
982 2
1440 2
1143 1
1711 0
393 0
193 2
1673 2
1609 4
429 0
666 3
89 5
90 5
1493 0
1707 0
377 0
2161 3
194 2
1667 2
1231 0
1217 6
1412 0
1235 0
2373 5
2263 1
114 5
2233 5
1815 3
1003 6
1350 4
1848 4
410 0
1315 5
24 5
1504 0
553 4
1404 3
25 5
1408 0
413 0
1403 3
964 2
1594 0
218 2
2013 3
2609 3
1386 4
367 0
2445 5
26 5
2496 0
703 6
2518 0
704 6
1287 4
833 3
1799 3
1806 5
920 4
343 4
1861 4
2101 5
2218 4
2217 4
2666 0
1242 0
1862 4
633 6
39 5
2036 6
2469 3
1907 5
224 2
1918 0
1521 6
858 2
910 0
1756 0
1045 0
1316 5
1764 0
20 5
1765 0
1977 5
1040 0
642 6
491 6
646 6
2112 0
1383 0
574 4
730 0
652 6
653 6
1148 0
1840 3
1151 0
2368 0
2369 0
1900 6
1834 0
2502 5
608 0
1451 6
680 4
2054 1
2377 3
609 0
2222 0
662 3
966 2
1668 2
1954 5
2519 0
1857 5
1879 4
884 4
1997 1
2521 3
992 3
2033 3
1119 4
1937 5
2034 3
50 5
643 6
984 6
1489 4
1955 5
1256 4
350 6
601 0
279 0
2244 4
1912 0
839 0
1014 2
841 3
245 2
821 3
592 0
2395 0
594 0
1670 2
874 4
1830 1
1999 0
1333 2
1978 5
474 0
249 2
2310 6
1384 4
789 4
2400 0
1936 4
2587 3
1425 3
1911 0
2491 3
1431 3
870 1
2590 3
2480 3
2589 3
663 3
1334 3
273 0
476 5
485 6
1030 5
994 4
2591 3
1052 3
819 0
2366 0
1191 0
1841 3
52 5
1525 4
660 0
1926 3
2464 0
2339 3
752 0
2520 3
2367 0
1766 0
2394 0
1974 0
480 6
645 6
1019 4
2026 0
1625 4
696 6
1374 6
812 3
1916 0
573 4
523 4
948 2
2137 5
44 5
2116 2
684 6
301 5
2465 0
27 5
2424 5
28 5
1352 5
786 3
1046 3
755 0
702 6
1108 0
508 0
669 3
1853 6
2510 3
2555 5
750 3
1388 4
1938 5
2123 4
2260 5
2102 5
1121 1
81 5
1498 0
537 1
1314 5
1959 5
112 5
1389 4
1410 0
2126 3
939 5
1842 3
2554 5
2177 3
2146 5
269 0
1047 3
1252 4
1676 0
1328 0
2439 0
1318 6
72 5
1375 6
2471 6
1927 3
1218 6
664 3
2312 2
2456 0
2320 0
1032 6
1522 6
2176 3
1523 6
1663 5
2245 3
2018 1
656 3
510 3
566 4
1524 6
1961 6
1305 4
1306 4
2483 0
1284 4
550 1
1828 1
1621 5
1021 1
1829 1
961 2
2631 3
610 0
2522 3
1351 5
820 0
465 5
1654 4
673 3
2250 0
1114 0
1356 0
708 4
567 4
2128 4
370 4
904 0
1358 3
35 5
694 0
790 4
1025 6
1944 5
2499 5
1887 5
734 0
1605 0
1518 6
1519 6
1884 0
907 0
2227 0
1762 0
941 2
323 6
1509 6
2470 6
495 1
1738 4
2107 0
2106 0
1118 4
2045 5
1619 0
914 0
570 0
2432 0
2435 0
151 5
686 1
1379 4
463 5
2173 3
129 5
2030 0
596 0
627 0
109 5
42 5
496 1
2148 0
1373 1
1026 4
1600 0
1461 3
2113 5
1462 3
1382 0
1767 0
868 1
869 1
2509 3
1572 6
2243 1
665 3
509 3
1864 0
1515 6
1357 0
913 0
556 4
1098 0
2691 0
1279 4
2503 5
1743 3
133 5
135 5
2251 0
693 6
1029 1
275 0
2540 4
887 4
165 5
706 6
1361 3
699 4
14 5
700 6
1623 0
143 5
163 5
2371 0
296 0
956 5
1628 0
1039 0
2675 0
1508 6
314 6
636 6
1680 4
483 6
500 6
48 5
842 3
2063 0
73 5
1310 5
1193 4
2087 3
2642 5
1027 4
60 5
222 2
1507 6
91 5
1312 5
667 3
464 5
1993 5
2638 0
2350 0
2111 0
671 3
316 6
2149 0
2164 0
852 1
1396 6
161 5
2419 6
698 6
2630 3
1495 0
2095 3
118 5
2493 4
344 4
2516 3
311 6
1008 4
767 1
2494 4
2557 5
2484 3
1620 0
1491 4
1741 0
2338 3
705 4
1024 4
2324 5
640 0
1985 1
110 5
2050 0
1986 1
552 4
1832 1
957 2
1952 5
1637 4
879 3
681 4
639 0
353 4
1757 0
1590 4
1105 2
2140 2
634 6
1034 0
2221 0
576 4
1488 4
1896 4
584 0
661 3
2142 2
1038 0
1770 5
45 5
58 5
79 5
1088 1
650 6
1393 6
2396 0
481 6
968 2
251 6
648 6
2252 5
1449 2
107 5
113 5
572 0
1317 5
1761 0
788 4
98 5
63 5
1253 1
1249 4
1016 2
1758 0
1941 5
1942 5
1943 5
2220 6
1251 1
506 4
1250 4
578 4
1125 4
2568 0
659 3
668 3
2466 0
585 0
548 1
595 0
586 0
2703 0
448 6
2044 5
1726 0
1727 0
2365 0
55 2
1917 0
2282 3
473 1
148 5
582 0
865 1
547 4
1165 5
2541 0
1000 6
2257 5
302 0
2114 0
513 4
1792 3
565 4
779 4
2017 1
1110 0
555 4
5 5
544 1
1362 3
131 5
313 6
2544 5
1854 4
1106 0
1111 0
737 0
738 0
1407 0
6 5
1044 3
1053 3
1603 0
1131 4
1996 3
2242 1
1298 0
2450 3
2399 0
923 4
1028 1
1300 0
2500 5
2576 0
1892 1
1960 6
93 5
1516 6
94 5
1739 4
2041 0
1366 3
1192 4
2317 4
1313 5
356 1
2214 0
2382 2
306 0
963 2
1520 6
731 0
2452 5
909 0
1883 0
672 4
1035 0
2512 3
332 5
2055 3
365 1
690 0
713 4
2104 5
2558 5
2559 5
160 5
19 5
512 3
791 3
792 4
2035 3
794 4
758 0
2378 0
911 0
1261 4
1506 6
1510 6
2097 0
670 3
318 6
1450 2
853 6
475 5
293 0
326 5
1240 6
1823 6
1295 0
2442 3
882 4
1700 0
1278 4
2288 4
126 5
1204 4
1262 4
1768 0
927 0
2457 6
2179 6
2109 5
808 1
1167 5
2592 3
981 0
1851 0
1583 3
962 2
1957 6
936 2
77 5
78 5
583 3
1409 0
2360 0
2618 0
2159 6
1282 4
2567 0
1881 4
1381 0
991 4
2453 5
2634 5
1742 3
2122 0
1920 5
2145 5
1050 3
2617 0
726 0
1882 4
951 6
1880 0
1624 3
134 5
727 0
2287 0
1006 6
1487 5
1551 5
119 5
1041 0
697 6
1160 6
1048 3
1367 3
2219 6
2346 0
625 0
2096 3
1514 6
2345 0
1150 0
691 0
2501 5
1728 3
1526 6
2460 3
1084 1
1087 1
561 0
1748 0
1311 5
1633 4
2451 1
905 0
2481 3
1049 3
855 2
1910 5
937 2
2268 5
539 1
1655 2
2241 4
540 1
1115 0
983 2
917 6
1276 4
1137 0
1112 0
1611 0
1394 6
2332 0
2105 5
1263 4
61 0
2376 3
213 2
355 4
1934 0
1703 0
511 3
2201 0
1517 6
1355 5
166 5
357 4
1288 4
1421 0
1109 0
2000 0
2528 5
2253 5
1958 6
1939 5
2698 0
709 3
1157 3
1020 0
1319 5
575 4
498 6
568 4
2370 0
683 1
2025 0
299 0
2001 1
1904 0
990 4
1740 4
295 0
1113 0
2168 5
482 6
484 6
66 6
304 0
577 4
2076 0
1054 3
1360 3
1363 3
527 4
1368 3
1364 3
2267 0
2639 0
921 4
2663 0
505 3
695 6
2108 4
162 2
466 5
1092 0
2529 5
2523 1
2393 0
569 4
559 4
1976 5
587 0
1365 3
603 0
1835 3
687 1
973 2
147 5
453 6
1471 3
1873 5
309 6
317 6
121 5
320 6
2266 0
374 1
219 2
1919 5
2472 6
1837 3
7 5
1718 3
970 2
732 0
849 3
2007 3
903 4
2677 0
647 6
1530 6
2042 6
1472 3
312 6
1018 2
123 5
814 0
341 2
2124 4
1643 0
1909 5
297 0
1863 5
1272 4
1681 4
701 6
1824 1
796 6
46 5
92 5
84 2
1480 6
40 5
679 4
756 5
1022 1
2247 0
2028 5
1483 2
1716 3
2344 0
692 6
959 2
1890 4
1831 1
1164 5
1308 2
29 5
1243 0
1297 0
1695 3
153 5
1891 4
2080 1
310 6
2446 5
1649 2
1301 0
1564 0
2008 3
1166 5
1107 0
993 4
1149 0
787 4
514 3
1825 1
908 0
11 5
1091 0
2277 3
2515 3
1763 0
247 2
762 6
2186 4
2279 3
1987 1
915 6
529 1
2215 0
2094 3
2029 2
1005 6
542 1
2274 5
2665 0
1036 0
2138 5
942 2
2329 0
822 0
2314 6
1372 6
764 0
2269 5
1759 0
1511 6
817 3
1220 6
985 2
1130 0
944 0
2174 5
1095 4
2139 6
1015 2
122 5
1023 1
2690 0
2649 6
2032 3
2216 0
2238 0
1704 0
2134 4
2689 0
2508 3
1273 4
1983 5
2422 5
1651 0
1392 6
2088 3
1652 0
291 0
1258 4
1353 5
507 4
857 0
1309 5
1527 6
18 5
256 0
2676 0
1135 4
1644 1
1528 6
2580 3
2581 3
1492 4
1376 1
115 5
1076 1
216 2
1445 5
65 5
1662 5
116 5
571 4
1446 2
2103 5
1512 6
3 5
1648 0
457 6
649 6
1499 0
1833 0
1895 4
1650 2
1500 0
1267 4
2158 6
651 6
2110 4
588 0
605 0
1484 2
557 4
1430 3
2375 3
138 5
2600 3
34 5
1608 0
1946 5
1998 1
1826 1
2280 3
2517 3
1622 0
1975 0
1827 1
975 4
56 5
57 5
2390 5
2588 3
286 0
1424 3
30 5
1007 6
1940 5
1809 5
1855 5
1476 4
462 5
969 2
2610 3
1448 5
1866 0
1945 5
2199 0
1401 3
926 4
2205 3
2664 1
2585 0
2189 6
2305 0
1846 2
281 0
169 5
1800 3
2192 2
2575 3
723 0
2628 3
2685 4
282 0
2067 3
2069 3
716 0
1905 2
1906 2
2156 5
2070 0
2090 5
1772 0
2089 0
2163 0
155 5
1159 1
2656 3
1138 0
2077 2
2078 2
2289 1
958 2
1436 3
127 5
2531 5
1178 4
621 0
1749 0
2560 0
259 5
229 2
17 4
1750 0
2091 0
1751 0
2632 5
2261 5
2640 0
21 5
242 3
607 0
2658 3
902 3
2207 6
2209 6
632 0
13 5
352 4
998 6
2046 0
719 0
1850 0
1339 0
591 0
2132 0
227 2
2569 0
2193 0
1152 1
2388 0
2532 0
2239 0
1155 4
1533 4
1332 0
2027 5
2031 4
989 2
1072 3
999 6
128 5
1810 5
1702 4
2413 5
1632 4
1811 5
1870 1
1544 3
2542 5
2543 5
1671 2
1801 3
2175 6
1325 2
1327 2
338 0
2154 0
2482 4
2052 1
117 5
1343 0
2275 3
2083 4
892 6
893 6
1073 3
1618 3
2271 4
225 2
1529 6
2084 4
1559 4
1560 4
806 6
2353 0
2673 0
1845 0
1074 3
1847 0
2611 3
622 0
31 5
2650 0
2667 0
1416 4
1878 3
524 6
2357 5
2326 0
328 5
534 1
2337 6
1391 5
2704 0
2706 0
1502 0
2707 0
1079 4
955 0
70 5
1420 0
236 6
1534 0
1924 3
358 0
1338 0
1205 4
2085 3
2172 3
1686 3
1597 3
2705 0
1859 0
2061 6
10 5
2629 3
243 3
1715 3
1717 3
1719 3
2136 5
2579 0
2490 3
717 0
2487 0
1100 0
1964 5
1588 4
375 1
2668 0
264 5
590 3
815 0
471 4
2546 5
2210 3
340 0
631 0
2680 0
2553 5
252 5
612 0
2160 3
845 3
303 0
2539 5
1915 3
2068 3
1773 0
1553 5
2213 3
1697 3
22 5
866 1
2010 3
2447 5
2359 0
2200 0
2474 0
1555 5
2144 6
1340 0
2352 0
1674 2
1967 1
334 1
967 2
1550 5
1980 5
2473 0
336 1
1746 4
1132 1
1535 4
1175 5
2224 0
1804 4
2426 0
1784 2
598 0
47 5
2384 3
1172 5
1293 0
744 2
894 6
2598 3
2612 3
1326 2
2234 5
2489 0
1427 3
2291 3
2549 5
2167 5
560 4
1371 6
1872 3
2336 6
2040 0
2613 3
2599 3
2012 3
238 3
241 3
2391 0
2392 0
2651 0
753 5
1577 3
2633 5
2601 3
2646 5
1281 4
2225 4
2461 4
1330 2
2604 3
2643 1
1995 6
2311 4
1122 4
830 0
952 2
1679 4
2121 3
2127 3
953 2
1604 0
2254 0
1607 0
2605 3
1898 0
1698 0
2593 3
581 0
933 2
1536 4
1341 0
1972 5
1635 4
543 1
766 0
1277 3
1573 6
2273 4
2506 6
809 6
152 5
1285 4
1865 0
1124 0
2166 0
715 0
364 1
2354 0
1984 5
895 6
1867 0
283 0
1785 2
1567 6
1179 4
1181 4
2195 5
2429 0
918 6
2530 5
1271 4
1569 6
1570 6
1568 6
1903 3
2657 3
2556 5
1571 4
2408 4
2693 0
2669 3
1182 1
2240 6
1292 0
2194 4
1370 6
2322 6
1400 3
23 5
214 3
1085 1
1587 4
1185 3
1188 5
2020 0
1928 0
2692 0
2533 5
1949 5
1844 3
1173 5
1630 0
2073 6
1274 4
2301 0
2204 3
1610 0
2697 1
239 3
1275 4
562 4
335 1
2440 5
1876 5
1808 5
329 5
2563 0
1142 1
2351 0
2125 3
2700 0
2316 4
327 5
2062 0
1096 4
2478 3
2235 3
154 5
2701 0
972 2
2513 0
2641 0
2565 0
455 6
1216 6
836 0
2674 0
682 1
711 3
1970 6
2433 0
1973 5
237 6
1869 1
2545 5
2228 4
1897 0
1913 3
517 6
2363 3
1549 5
2086 3
2022 4
2696 1
1753 0
1925 3
1546 4
348 4
615 0
1914 3
1966 1
1103 2
785 6
1992 5
2596 3
2514 0
877 0
1268 4
461 6
494 1
1186 3
2343 3
2056 3
1094 0
2053 1
2203 3
1497 5
1405 3
1406 3
1260 4
1589 3
2323 5
359 1
810 4
53 5
1660 2
111 5
2081 0
59 5
1190 0
2141 2
1037 4
1752 0
883 4
1104 2
2151 6
2699 0
1453 0
1455 0
1968 1
2404 1
2405 1
2307 0
1447 5
1769 5
2407 1
1123 1
136 5
768 4
339 4
1953 5
105 5
2524 0
108 5
1781 0
97 5
2387 5
1950 5
1177 2
2620 3
2230 2
1255 4
2534 5
2566 0
867 1
1059 0
1802 6
1682 5
1539 1
1868 0
2602 3
1547 5
215 3
1677 2
1068 0
2315 0
1089 4
1552 5
1294 0
1101 0
536 1
267 0
1162 6
85 5
1661 0
2619 3
2621 3
2283 0
2436 5
2495 5
930 0
2003 1
240 3
1722 3
1899 0
1901 6
234 6
863 4
2606 0
139 5
1947 5
1948 5
140 5
1554 5
1538 1
2325 5
718 5
1010 0
1169 5
729 0
149 5
305 0
2016 5
2286 0
2608 0
2647 5
62 5
470 3
2547 5
2302 0
2548 5
1291 0
2015 5
2479 0
1283 4
36 5
2304 0
805 6
1485 5
2190 0
2049 0
141 5
1989 0
1077 1
2191 0
827 0
2616 3
32 5
1584 3
2573 3
2208 6
545 1
546 1
1796 3
2340 3
449 6
4 5
142 5
2431 4
125 5
891 6
793 1
1595 3
324 5
2143 6
2430 0
2265 2
735 0
1771 0
1116 6
331 2
452 6
2246 3
871 1
2626 3
1456 0
1385 4
157 5
1991 5
2603 3
1699 6
2021 4
1454 0
618 0
1442 3
1965 4
307 0
2381 4
848 4
2051 2
1303 4
2157 5
2683 4
1176 5
996 4
1963 5
828 0
1503 0
2678 0
707 6
535 1
276 0
1797 3
783 4
773 3
1593 0
2024 4
1803 4
1755 5
2047 3
2681 0
1259 4
2417 0
277 0
1813 5
1264 4
1566 0
1266 4
623 0
2662 0
447 6
1280 4
87 5
2622 3
9 5
1561 6
2406 1
1187 3
1701 4
935 2
678 6
2117 0
504 6
2100 6
2583 0
2584 0
1723 3
620 0
2595 3
300 0
2550 5
1543 3
1307 0
2272 0
720 0
2330 3
290 0
2577 0
2578 0
725 0
469 3
834 0
1082 4
2551 5
1336 0
1969 0
1923 6
68 5
1982 0
493 6
1156 6
1099 0
1871 3
1486 5
1215 6
217 3
1782 0
1598 2
2497 5
253 2
946 0
1585 0
1666 2
733 2
928 0
929 0
1626 6
1720 3
1613 3
2023 4
1791 3
1836 3
1071 3
624 0
1563 4
1086 1
478 3
372 1
1033 0
1795 3
1988 5
230 2
689 1
2411 2
1994 0
2057 3
2285 0
1141 1
751 2
235 0
1415 0
1645 0
454 1
246 2
712 3
1885 2
2303 0
1171 5
1134 6
748 0
2425 1
497 1
80 5
2655 0
722 2
1783 0
924 4
1359 3
1013 0
1849 3
2197 0
2331 3
1459 3
1463 3
1470 3
2570 3
347 6
2002 6
1473 4
1474 3
2561 0
2441 5
2037 6
976 2
2004 6
477 3
864 4
859 4
2402 0
1548 5
1971 5
262 2
2437 4
897 6
1537 4
1219 6
978 2
597 0
761 4
1724 3
644 6
2468 5
2652 0
1460 3
1078 1
1902 2
2321 4
2355 0
2488 0
614 0
619 0
617 0
274 0
1852 6
2661 0
2423 5
280 0
1721 3
2653 0
515 4
1745 4
2615 3
2019 4
2552 5
824 0
1541 3
2645 5
2448 5
2688 0
37 5
2648 5
459 6
16 5
2306 0
2183 0
1838 3
1839 3
1444 0
333 1
2270 4
1656 3
1921 0
2504 3
847 3
2687 0
2644 1
2082 0
1657 2
337 0
2659 0
674 1
288 0
363 5
2284 0
1158 3
1659 6
1189 0
2011 3
1687 6
1080 4
1069 0
2505 1
248 2
611 0
2660 0
137 5
1201 4
2060 6
104 0
2361 3
1399 3
521 4
1545 3
931 0
64 5
124 5
2507 6
1779 3
616 0
322 6
2389 0
628 0
1731 0
1933 0
1696 3
724 0
1725 3
2403 0
516 3
2276 3
2671 0
1153 4
1213 6
1418 0
995 4
2184 0
997 6
1093 2
2492 1
1596 3
541 1
1061 3
1081 1
2278 3
763 6
1411 0
2654 0
2064 3
1009 6
2187 5
2672 0
8 5
2486 0
1183 1
2420 0
51 5
1222 6
2196 0
1369 6
1064 0
532 1
2679 0
2511 0
1858 0
2421 5
1562 6
1378 0
1221 6
531 1
873 4
2427 0
2383 3
2562 0
2414 6
1956 4
1990 5
1860 0
2119 6
1793 4
979 2
980 2
2153 5
2485 0
2185 0
1631 4
1877 3
1163 6
1241 1
888 5
145 5
2702 0
1184 1
2527 5
255 0
2537 5
2229 4
896 6
2538 5
2043 2
2223 0
1139 1
1586 1
1380 4
889 6
925 4
826 3
1664 2
2120 6
1794 4
740 6
88 5
1468 3
2582 3
2416 0
2290 1
1807 5
1922 6
1665 2
100 5
2564 1
2065 3
2130 0
2434 0
934 0
76 5
1646 0
1893 4
289 0
710 3
2401 0
2281 3
1602 0
1615 0
1437 3
749 0
2182 0
1180 4
2066 0
1962 2
2535 5
1786 4
876 4
2586 0
807 6
2594 3
2686 4
919 4
1304 4
2571 3
2574 3
2597 3
2572 3
2607 0
1780 5
2259 5
2498 5
2536 5
2188 6
1592 0
